spawn:
  world: world
  x: -309.4102959380335
  y: 64.0
  z: 79.55166676203696
  yaw: -89.48035
  pitch: -3.1485379
